0 0.559326 0.717167 0.161445 0.075495 0.568079 0.718808 2
0 0.661445 0.593530 0.147829 0.073307 0.663390 0.596265 2
0 0.776208 0.467158 0.159500 0.080966 0.772317 0.468252 2
0 0.364814 0.427769 0.188677 0.080966 0.367732 0.426675 2
0 0.375512 0.580947 0.163390 0.085342 0.383293 0.580947 2
1 0.394963 0.319997 0.058354 0.018600 0.000000 0.000000 0
1 0.477631 0.316167 0.040848 0.013130 0.000000 0.000000 0
1 0.536957 0.308508 0.038902 0.010941 0.000000 0.000000 0
1 0.586558 0.291002 0.040848 0.019694 0.000000 0.000000 0
1 0.641022 0.283890 0.048628 0.009847 0.000000 0.000000 0
1 0.673116 0.269120 0.062244 0.010941 0.000000 0.000000 0
1 0.687704 0.210583 0.060299 0.044859 0.000000 0.000000 0
1 0.083743 0.350632 0.155610 0.099566 0.000000 0.000000 0
1 0.137234 0.031146 0.157555 0.055801 0.000000 0.000000 0
1 0.723689 0.027863 0.070024 0.049236 0.000000 0.000000 0
1 0.618653 0.027863 0.108927 0.051424 0.000000 0.000000 0
