0 0.756756 0.672307 0.140049 0.079872 0.756756 0.672854 2
0 0.607954 0.771873 0.149775 0.077683 0.605037 0.769138 2
0 0.360924 0.725920 0.149775 0.066742 0.361896 0.725373 2
0 0.406634 0.592983 0.151720 0.074401 0.400799 0.591889 2
0 0.473741 0.869798 0.141994 0.063460 0.470823 0.867610 2
1 0.134317 0.501076 0.182842 0.080966 0.000000 0.000000 0
1 0.495137 0.507640 0.044738 0.028447 0.000000 0.000000 0
1 0.548628 0.507093 0.035012 0.012035 0.000000 0.000000 0
1 0.618653 0.505452 0.042793 0.017506 0.000000 0.000000 0
1 0.679924 0.502717 0.033067 0.016412 0.000000 0.000000 0
1 0.738278 0.499434 0.044738 0.016412 0.000000 0.000000 0
