0 0.320076 0.477005 0.169226 0.085342 0.324939 0.480287 2
0 0.260750 0.625807 0.175061 0.083154 0.266585 0.625807 2
0 0.368704 0.787191 0.157555 0.071119 0.365786 0.784456 2
0 0.522369 0.680513 0.165336 0.070024 0.519451 0.678325 2
0 0.689650 0.579853 0.145884 0.076589 0.688677 0.579853 2
1 0.087634 0.359385 0.155610 0.090813 0.000000 0.000000 0
1 0.234491 0.289361 0.103092 0.055801 0.000000 0.000000 0
1 0.421222 0.391115 0.048628 0.018600 0.000000 0.000000 0
1 0.491247 0.390568 0.029177 0.017506 0.000000 0.000000 0
1 0.537930 0.390568 0.044738 0.015318 0.000000 0.000000 0
1 0.612817 0.394398 0.042793 0.022977 0.000000 0.000000 0
1 0.694512 0.398227 0.046683 0.019694 0.000000 0.000000 0
1 0.731470 0.387286 0.058354 0.017506 0.000000 0.000000 0
