0 0.412469 0.295379 0.140049 0.067836 0.416360 0.292096 2
0 0.609900 0.352821 0.141994 0.068930 0.616707 0.356650 2
0 0.832616 0.422298 0.140049 0.074401 0.828726 0.423392 2
0 0.537930 0.491228 0.141994 0.072213 0.538902 0.491228 2
0 0.281174 0.478099 0.141994 0.072213 0.280201 0.477005 2
1 0.596284 0.039352 0.110872 0.065648 0.000000 0.000000 0
1 0.714936 0.041540 0.103092 0.067836 0.000000 0.000000 0
1 0.110003 0.047011 0.138104 0.087531 0.000000 0.000000 0
1 0.122646 0.612677 0.116707 0.070024 0.000000 0.000000 0
1 0.094442 0.315620 0.040848 0.027353 0.000000 0.000000 0
1 0.104167 0.344615 0.048628 0.021883 0.000000 0.000000 0
1 0.112920 0.370874 0.046683 0.019694 0.000000 0.000000 0
1 0.137234 0.396586 0.068079 0.029542 0.000000 0.000000 0
1 0.126536 0.418469 0.042793 0.014224 0.000000 0.000000 0
1 0.136262 0.445822 0.054463 0.029542 0.000000 0.000000 0
