0 0.693540 0.245049 0.177006 0.094095 0.702293 0.245049 2
0 0.767455 0.399868 0.188677 0.095190 0.764537 0.402604 2
0 0.834561 0.553594 0.182842 0.091907 0.842342 0.556876 2
0 0.486384 0.492323 0.171171 0.078778 0.488329 0.490134 2
0 0.274366 0.358838 0.198403 0.089719 0.278256 0.357744 2
1 0.200451 0.242313 0.035012 0.020789 0.000000 0.000000 0
1 0.236436 0.217695 0.048628 0.024071 0.000000 0.000000 0
1 0.268530 0.184324 0.035012 0.016412 0.000000 0.000000 0
1 0.295762 0.162442 0.035012 0.027353 0.000000 0.000000 0
1 0.333692 0.140559 0.044738 0.018600 0.000000 0.000000 0
1 0.360924 0.111564 0.048628 0.021883 0.000000 0.000000 0
