0 0.866656 0.525147 0.188677 0.096284 0.861793 0.525147 2
0 0.627406 0.417922 0.173116 0.089719 0.632268 0.416827 2
0 0.516534 0.560706 0.161445 0.079872 0.515561 0.561253 2
0 0.271448 0.512564 0.149775 0.073307 0.264640 0.512017 2
0 0.420250 0.317808 0.171171 0.093001 0.418305 0.317261 2
1 0.120701 0.624166 0.163390 0.095190 0.000000 0.000000 0
1 0.134317 0.444181 0.031122 0.026259 0.000000 0.000000 0
1 0.113893 0.408074 0.033067 0.028447 0.000000 0.000000 0
1 0.106112 0.365950 0.036957 0.022977 0.000000 0.000000 0
1 0.097359 0.334220 0.035012 0.022977 0.000000 0.000000 0
1 0.102222 0.300849 0.044738 0.019694 0.000000 0.000000 0
