0 0.718826 0.488493 0.138104 0.093001 0.723689 0.492323 2
0 0.577805 0.595171 0.143939 0.083154 0.583640 0.600642 2
0 0.321049 0.566724 0.167281 0.072213 0.321049 0.567818 2
0 0.361896 0.427222 0.171171 0.088625 0.358006 0.421204 2
0 0.441646 0.706225 0.155610 0.079872 0.449427 0.711149 2
1 0.435811 0.323279 0.093366 0.020789 0.000000 0.000000 0
1 0.521396 0.323279 0.062244 0.020789 0.000000 0.000000 0
1 0.613790 0.316167 0.064189 0.017506 0.000000 0.000000 0
1 0.678951 0.305773 0.066134 0.014224 0.000000 0.000000 0
1 0.725634 0.245049 0.046683 0.045954 0.000000 0.000000 0
1 0.095414 0.324373 0.167281 0.103943 0.000000 0.000000 0
1 0.258805 0.243407 0.089476 0.047048 0.000000 0.000000 0
