0 0.665336 0.683796 0.163390 0.083154 0.657555 0.682702 2
0 0.713964 0.547576 0.159500 0.073307 0.715909 0.548123 2
0 0.773290 0.405886 0.165336 0.089719 0.774263 0.409168 2
0 0.357033 0.399868 0.177006 0.086436 0.348280 0.398227 2
0 0.427058 0.554688 0.188677 0.109413 0.424140 0.556876 2
1 0.639076 0.208395 0.036957 0.018600 0.000000 0.000000 0
1 0.579750 0.214413 0.050573 0.010941 0.000000 0.000000 0
1 0.544738 0.243954 0.042793 0.026259 0.000000 0.000000 0
1 0.491247 0.253802 0.033067 0.017506 0.000000 0.000000 0
1 0.458180 0.267478 0.025287 0.009847 0.000000 0.000000 0
1 0.420250 0.269667 0.042793 0.016412 0.000000 0.000000 0
1 0.384265 0.287173 0.033067 0.025165 0.000000 0.000000 0
1 0.348280 0.297567 0.046683 0.008753 0.000000 0.000000 0
1 0.064292 0.364309 0.124488 0.091907 0.000000 0.000000 0
1 0.133344 0.027863 0.141994 0.051424 0.000000 0.000000 0
