0 0.566134 0.644407 0.151720 0.087531 0.558354 0.645501 2
0 0.778153 0.569459 0.167281 0.075495 0.774263 0.571100 2
0 0.321049 0.549765 0.171171 0.088625 0.324939 0.550312 2
0 0.431921 0.412451 0.171171 0.089719 0.433866 0.412451 2
0 0.364814 0.719355 0.153665 0.073307 0.373567 0.718808 2
1 0.224765 0.259272 0.192567 0.120355 0.000000 0.000000 0
1 0.588503 0.332579 0.068079 0.030636 0.000000 0.000000 0
1 0.767455 0.348444 0.044738 0.025165 0.000000 0.000000 0
1 0.854013 0.360480 0.046683 0.022977 0.000000 0.000000 0
1 0.922092 0.368139 0.011671 0.022977 0.000000 0.000000 0
