0 0.813165 0.342973 0.147829 0.086436 0.815110 0.341332 2
0 0.728552 0.467158 0.138104 0.074401 0.727580 0.470440 2
0 0.646857 0.586418 0.130323 0.072213 0.649775 0.588606 2
0 0.470823 0.466610 0.151720 0.079872 0.472768 0.470440 2
0 0.433866 0.320544 0.163390 0.078778 0.437756 0.318355 2
1 0.129454 0.258725 0.188677 0.095190 0.000000 0.000000 0
1 0.244216 0.165724 0.075860 0.042671 0.000000 0.000000 0
1 0.648802 0.962252 0.250921 0.071119 0.000000 0.000000 0
1 0.484439 0.212225 0.081695 0.032824 0.000000 0.000000 0
1 0.561271 0.204566 0.052518 0.015318 0.000000 0.000000 0
1 0.617680 0.187607 0.052518 0.016412 0.000000 0.000000 0
1 0.668253 0.173930 0.033067 0.015318 0.000000 0.000000 0
1 0.705211 0.155330 0.064189 0.028447 0.000000 0.000000 0
1 0.765509 0.152594 0.079750 0.025165 0.000000 0.000000 0
