0 0.558354 0.371968 0.124488 0.065648 0.564189 0.374156 2
0 0.649775 0.483022 0.136159 0.064554 0.651720 0.480287 2
0 0.739250 0.586965 0.128378 0.062366 0.743141 0.590794 2
0 0.470823 0.573835 0.128378 0.064554 0.476659 0.572194 2
0 0.287981 0.491775 0.136159 0.068930 0.289927 0.490134 2
1 0.103195 0.055764 0.194512 0.109413 0.000000 0.000000 0
1 0.630323 0.040446 0.248976 0.074401 0.000000 0.000000 0
1 0.296735 0.288267 0.064189 0.027353 0.000000 0.000000 0
1 0.293817 0.319997 0.062244 0.036106 0.000000 0.000000 0
1 0.248106 0.361027 0.048628 0.019694 0.000000 0.000000 0
1 0.236436 0.386739 0.036957 0.020789 0.000000 0.000000 0
1 0.214067 0.415733 0.054463 0.026259 0.000000 0.000000 0
1 0.059429 0.570006 0.114762 0.078778 0.000000 0.000000 0
