0 0.530149 0.462234 0.161445 0.093001 0.527232 0.461687 2
0 0.427058 0.594077 0.157555 0.083154 0.431921 0.595171 2
0 0.341472 0.729749 0.184787 0.080966 0.338555 0.728655 2
0 0.132372 0.578212 0.178951 0.093001 0.132372 0.577665 2
0 0.109030 0.416827 0.167281 0.098472 0.107085 0.417922 2
1 0.454290 0.253255 0.052518 0.020789 0.000000 0.000000 0
1 0.406634 0.265837 0.062244 0.013130 0.000000 0.000000 0
1 0.345363 0.274043 0.056409 0.014224 0.000000 0.000000 0
1 0.275338 0.289361 0.083640 0.014224 0.000000 0.000000 0
1 0.199478 0.299755 0.048628 0.026259 0.000000 0.000000 0
1 0.145015 0.313979 0.048628 0.015318 0.000000 0.000000 0
1 0.907504 0.364309 0.138104 0.054707 0.000000 0.000000 0
