0 0.611845 0.607754 0.180897 0.093001 0.612817 0.612677 2
0 0.451372 0.703490 0.143939 0.076589 0.455262 0.706773 2
0 0.291872 0.805244 0.151720 0.076589 0.293817 0.805244 2
0 0.208231 0.647689 0.151720 0.076589 0.206286 0.647689 2
0 0.274366 0.505452 0.182842 0.078778 0.276311 0.505452 2
1 0.068182 0.391662 0.120598 0.087531 0.000000 0.000000 0
1 0.373567 0.422298 0.050573 0.026259 0.000000 0.000000 0
1 0.443591 0.423939 0.042793 0.020789 0.000000 0.000000 0
1 0.518479 0.426128 0.064189 0.027353 0.000000 0.000000 0
1 0.600174 0.428863 0.044738 0.024071 0.000000 0.000000 0
1 0.658528 0.428863 0.029177 0.019694 0.000000 0.000000 0
