0 0.175164 0.573288 0.178951 0.083154 0.182945 0.571100 2
0 0.062347 0.700755 0.116707 0.071119 0.052621 0.702396 2
0 0.266585 0.776250 0.151720 0.064554 0.272420 0.774609 2
0 0.456235 0.697472 0.145884 0.075495 0.459152 0.699114 2
0 0.075963 0.858857 0.128378 0.076589 0.074018 0.857763 2
1 0.193643 0.297567 0.103092 0.045954 0.000000 0.000000 0
1 0.034143 0.449651 0.060299 0.080966 0.000000 0.000000 0
1 0.318131 0.509282 0.044738 0.018600 0.000000 0.000000 0
1 0.388155 0.510376 0.033067 0.020789 0.000000 0.000000 0
1 0.439701 0.517488 0.038902 0.015318 0.000000 0.000000 0
1 0.524314 0.531711 0.044738 0.026259 0.000000 0.000000 0
1 0.592393 0.532805 0.013616 0.015318 0.000000 0.000000 0
