0 0.762592 0.677231 0.155610 0.072213 0.766482 0.676137 2
0 0.622543 0.777891 0.151720 0.063460 0.620598 0.777891 2
0 0.363841 0.733579 0.151720 0.077683 0.369677 0.735220 2
0 0.404689 0.596812 0.163390 0.079872 0.404689 0.595171 2
0 0.482494 0.879098 0.151720 0.068930 0.482494 0.876363 2
1 0.150850 0.506546 0.184787 0.100660 0.000000 0.000000 0
1 0.493192 0.515846 0.068079 0.031730 0.000000 0.000000 0
1 0.570997 0.512564 0.052518 0.012035 0.000000 0.000000 0
1 0.625461 0.507093 0.040848 0.014224 0.000000 0.000000 0
1 0.697430 0.501623 0.048628 0.009847 0.000000 0.000000 0
1 0.760647 0.495058 0.046683 0.012035 0.000000 0.000000 0
