0 0.436783 0.477552 0.110872 0.053612 0.435811 0.481381 2
0 0.435811 0.553594 0.097256 0.059083 0.437756 0.552500 2
0 0.441646 0.684890 0.097256 0.054707 0.439701 0.687078 2
0 0.442619 0.836427 0.103092 0.057989 0.441646 0.839163 2
0 0.438729 0.941464 0.118653 0.055801 0.435811 0.943105 2
1 0.352171 0.260366 0.093366 0.065648 0.000000 0.000000 0
1 0.063320 0.271855 0.106982 0.051424 0.000000 0.000000 0
1 0.605037 0.183230 0.136159 0.187097 0.000000 0.000000 0
1 0.683814 0.458404 0.095311 0.074401 0.000000 0.000000 0
1 0.085689 0.512017 0.159500 0.070024 0.000000 0.000000 0
