0 0.425113 0.454028 0.110872 0.045954 0.426085 0.452934 2
0 0.431921 0.528976 0.124488 0.055801 0.433866 0.529523 2
0 0.444564 0.662460 0.118653 0.060177 0.441646 0.665195 2
0 0.459152 0.813450 0.116707 0.051424 0.457207 0.810715 2
0 0.458180 0.911375 0.095311 0.050330 0.453317 0.911375 2
1 0.086661 0.481928 0.173116 0.060177 0.000000 0.000000 0
1 0.042896 0.245049 0.081695 0.061271 0.000000 0.000000 0
1 0.366759 0.234654 0.145884 0.068930 0.000000 0.000000 0
1 0.690622 0.433786 0.124488 0.068930 0.000000 0.000000 0
1 0.600174 0.142747 0.157555 0.222109 0.000000 0.000000 0
