1 0.327856 0.146030 0.149775 0.062366 0.000000 0.000000 0
1 0.470823 0.137824 0.159500 0.059083 0.000000 0.000000 0
1 0.619625 0.140559 0.114762 0.047048 0.000000 0.000000 0
1 0.758702 0.132353 0.143939 0.052518 0.000000 0.000000 0
1 0.886107 0.139465 0.091421 0.060177 0.000000 0.000000 0
0 0.836507 0.277873 0.178951 0.096284 0.842342 0.278967 2
0 0.619625 0.304679 0.145884 0.088625 0.618653 0.306320 2
0 0.666308 0.444181 0.149775 0.094095 0.667281 0.448557 2
0 0.402744 0.444181 0.140049 0.089719 0.402744 0.447463 2
0 0.326884 0.279514 0.167281 0.090813 0.334664 0.283343 2
0 0.136262 0.761479 0.147829 0.085342 0.138207 0.761479 2
1 0.676034 0.614865 0.192567 0.076589 0.000000 0.000000 0
1 0.900696 0.456763 0.116707 0.075495 0.000000 0.000000 0
1 0.627406 0.967723 0.208128 0.053612 0.000000 0.000000 0
