1 0.222820 0.170101 0.106982 0.040483 0.000000 0.000000 0
1 0.331747 0.163536 0.099201 0.044859 0.000000 0.000000 0
1 0.457207 0.168459 0.120598 0.048142 0.000000 0.000000 0
1 0.614762 0.164630 0.167281 0.053612 0.000000 0.000000 0
1 0.748976 0.169553 0.112817 0.048142 0.000000 0.000000 0
1 0.819973 0.484664 0.204238 0.072213 0.000000 0.000000 0
1 0.608927 0.631277 0.190622 0.087531 0.000000 0.000000 0
1 0.585585 0.954046 0.213964 0.074401 0.000000 0.000000 0
0 0.251997 0.305773 0.145884 0.086436 0.256859 0.310697 2
0 0.529177 0.330938 0.155610 0.082060 0.533067 0.330391 2
0 0.741195 0.305773 0.151720 0.088625 0.739250 0.307414 2
0 0.585585 0.469893 0.167281 0.079872 0.585585 0.468252 2
0 0.321049 0.465516 0.151720 0.082060 0.326884 0.468252 2
0 0.081798 0.771326 0.140049 0.087531 0.085689 0.773515 2
