0 0.264640 0.229731 0.155610 0.085342 0.270475 0.230825 2
0 0.574887 0.245049 0.165336 0.085342 0.577805 0.246143 2
0 0.803439 0.211678 0.163390 0.088625 0.803439 0.212225 2
0 0.644912 0.390568 0.145884 0.089719 0.651720 0.396039 2
0 0.358006 0.400962 0.155610 0.084248 0.363841 0.401510 2
0 0.138207 0.740144 0.155610 0.088625 0.140152 0.742879 2
1 0.644912 0.576024 0.324836 0.106131 0.000000 0.000000 0
1 0.251997 0.078740 0.138104 0.048142 0.000000 0.000000 0
1 0.439701 0.069440 0.147829 0.036106 0.000000 0.000000 0
1 0.600174 0.067799 0.130323 0.037201 0.000000 0.000000 0
1 0.772317 0.067799 0.159500 0.048142 0.000000 0.000000 0
1 0.632268 0.929976 0.167281 0.089719 0.000000 0.000000 0
