1 0.303542 0.233013 0.101146 0.030636 0.000000 0.000000 0
1 0.423168 0.233013 0.114762 0.056895 0.000000 0.000000 0
1 0.573915 0.230825 0.136159 0.052518 0.000000 0.000000 0
1 0.717854 0.230825 0.105037 0.045954 0.000000 0.000000 0
1 0.825808 0.233560 0.087531 0.044859 0.000000 0.000000 0
0 0.785933 0.370874 0.167281 0.080966 0.789824 0.371968 2
0 0.579750 0.393851 0.147829 0.074401 0.579750 0.396039 2
0 0.621570 0.529523 0.149775 0.085342 0.630323 0.531711 2
0 0.372594 0.529523 0.157555 0.076589 0.371622 0.527335 2
0 0.304515 0.370874 0.138104 0.080966 0.303542 0.369780 2
0 0.126536 0.830409 0.136159 0.083154 0.130426 0.834786 2
1 0.626433 0.694737 0.194512 0.085342 0.000000 0.000000 0
