0 0.322021 0.231372 0.134214 0.071119 0.326884 0.229731 2
0 0.585585 0.241766 0.147829 0.078778 0.587531 0.242860 2
0 0.783016 0.208395 0.141994 0.082060 0.783988 0.211131 2
0 0.644912 0.367591 0.130323 0.072213 0.647829 0.368686 2
0 0.404689 0.376345 0.120598 0.067836 0.404689 0.378533 2
0 0.204341 0.666290 0.124488 0.070024 0.208231 0.670666 2
1 0.282146 0.099529 0.108927 0.045954 0.000000 0.000000 0
1 0.396908 0.101170 0.105037 0.047048 0.000000 0.000000 0
1 0.481521 0.081476 0.099201 0.031730 0.000000 0.000000 0
1 0.568079 0.081476 0.093366 0.033918 0.000000 0.000000 0
1 0.679924 0.079288 0.126433 0.040483 0.000000 0.000000 0
1 0.787878 0.077099 0.097256 0.044859 0.000000 0.000000 0
1 0.719799 0.898246 0.202293 0.115978 0.000000 0.000000 0
