1 0.714936 0.590794 0.289824 0.098472 0.000000 0.000000 0
1 0.659500 0.960064 0.159500 0.071119 0.000000 0.000000 0
1 0.209204 0.071082 0.114762 0.032824 0.000000 0.000000 0
1 0.360924 0.069440 0.118653 0.036106 0.000000 0.000000 0
1 0.493192 0.056311 0.114762 0.040483 0.000000 0.000000 0
1 0.635186 0.047558 0.153665 0.042671 0.000000 0.000000 0
1 0.776208 0.031693 0.136159 0.041577 0.000000 0.000000 0
0 0.262695 0.231919 0.151720 0.096284 0.264640 0.233013 2
0 0.570997 0.235201 0.177006 0.094095 0.581695 0.241766 2
0 0.811220 0.188154 0.194512 0.102848 0.819000 0.190342 2
0 0.659500 0.394945 0.178951 0.105037 0.655610 0.400415 2
0 0.360924 0.410810 0.169226 0.086436 0.363841 0.411357 2
0 0.140152 0.766950 0.155610 0.094095 0.147932 0.771326 2
