0 0.163493 0.968817 0.128378 0.057989 0.167384 0.980306 2
0 0.333692 0.489587 0.138104 0.075495 0.338555 0.489040 2
0 0.623515 0.510923 0.153665 0.089719 0.634214 0.517488 2
0 0.851095 0.489040 0.161445 0.089719 0.855958 0.494511 2
0 0.687704 0.660272 0.145884 0.079872 0.694512 0.664101 2
0 0.416360 0.656989 0.132268 0.082060 0.418305 0.656442 2
1 0.305488 0.347350 0.120598 0.049236 0.000000 0.000000 0
1 0.442619 0.346803 0.110872 0.050330 0.000000 0.000000 0
1 0.593366 0.348991 0.147829 0.054707 0.000000 0.000000 0
1 0.745086 0.346256 0.140049 0.042671 0.000000 0.000000 0
1 0.863738 0.347897 0.108927 0.043765 0.000000 0.000000 0
1 0.304515 0.156971 0.153665 0.057989 0.000000 0.000000 0
1 0.261722 0.069987 0.103092 0.048142 0.000000 0.000000 0
