0 0.216984 0.437616 0.149775 0.091907 0.219902 0.439804 2
0 0.545710 0.453481 0.173116 0.086436 0.544738 0.449651 2
0 0.784961 0.414639 0.192567 0.102848 0.783988 0.413545 2
0 0.631296 0.608301 0.177006 0.096284 0.628378 0.613771 2
0 0.335637 0.614318 0.165336 0.088625 0.330774 0.617054 2
0 0.108057 0.960064 0.161445 0.077683 0.110975 0.972647 2
1 0.151823 0.282796 0.105037 0.051424 0.000000 0.000000 0
1 0.281174 0.280608 0.114762 0.051424 0.000000 0.000000 0
1 0.400799 0.274043 0.108927 0.044859 0.000000 0.000000 0
1 0.524314 0.264743 0.099201 0.039389 0.000000 0.000000 0
1 0.639076 0.258178 0.106982 0.035012 0.000000 0.000000 0
1 0.769400 0.248331 0.145884 0.052518 0.000000 0.000000 0
