0 0.260750 0.211678 0.167281 0.103943 0.262695 0.211131 2
0 0.569052 0.231919 0.180897 0.102848 0.583640 0.233013 2
0 0.817055 0.198548 0.186732 0.108319 0.820946 0.200189 2
0 0.639076 0.389474 0.188677 0.096284 0.643939 0.391662 2
0 0.349253 0.390568 0.177006 0.091907 0.352171 0.392757 2
0 0.096387 0.736314 0.169226 0.111602 0.087634 0.738502 2
1 0.583640 0.931617 0.155610 0.103943 0.000000 0.000000 0
1 0.668253 0.579853 0.173116 0.061271 0.000000 0.000000 0
1 0.241298 0.054123 0.112817 0.040483 0.000000 0.000000 0
1 0.381347 0.039352 0.120598 0.050330 0.000000 0.000000 0
1 0.539875 0.041540 0.149775 0.054707 0.000000 0.000000 0
1 0.689650 0.043728 0.141994 0.054707 0.000000 0.000000 0
1 0.817055 0.037163 0.140049 0.052518 0.000000 0.000000 0
