1 0.780098 0.078740 0.073915 0.054707 0.000000 0.000000 0
1 0.608927 0.086946 0.108927 0.042671 0.000000 0.000000 0
1 0.297707 0.106094 0.081695 0.045954 0.000000 0.000000 0
0 0.755784 0.241219 0.180897 0.101754 0.762592 0.241766 2
0 0.523341 0.274590 0.175061 0.091907 0.540848 0.282249 2
0 0.597256 0.425033 0.159500 0.084248 0.605037 0.426675 2
0 0.226710 0.261461 0.157555 0.089719 0.237408 0.266931 2
0 0.312296 0.429957 0.153665 0.109413 0.322994 0.434334 2
0 0.101250 0.770232 0.151720 0.094095 0.099304 0.771326 2
1 0.642967 0.619242 0.188677 0.080966 0.000000 0.000000 0
1 0.640049 0.937634 0.147829 0.091907 0.000000 0.000000 0
