0 0.246161 0.226448 0.153665 0.085342 0.252969 0.225354 2
0 0.555436 0.250519 0.157555 0.089719 0.552518 0.249425 2
0 0.782043 0.225354 0.155610 0.087531 0.782043 0.224260 2
0 0.611845 0.397680 0.169226 0.088625 0.614762 0.401510 2
0 0.329802 0.400962 0.165336 0.084248 0.332719 0.401510 2
0 0.086661 0.729749 0.145884 0.089719 0.081798 0.730843 2
1 0.207259 0.071082 0.130323 0.048142 0.000000 0.000000 0
1 0.377457 0.078193 0.136159 0.047048 0.000000 0.000000 0
1 0.512643 0.072723 0.145884 0.038295 0.000000 0.000000 0
1 0.676034 0.072723 0.126433 0.051424 0.000000 0.000000 0
1 0.803439 0.077646 0.128378 0.050330 0.000000 0.000000 0
1 0.858875 0.406433 0.169226 0.079872 0.000000 0.000000 0
1 0.614762 0.574930 0.190622 0.075495 0.000000 0.000000 0
1 0.555436 0.914111 0.184787 0.141143 0.000000 0.000000 0
