1 0.617680 0.947482 0.231470 0.080966 0.000000 0.000000 0
1 0.572942 0.619242 0.173116 0.059083 0.000000 0.000000 0
1 0.799549 0.480287 0.178951 0.054707 0.000000 0.000000 0
1 0.211149 0.178854 0.099201 0.040483 0.000000 0.000000 0
1 0.341472 0.172836 0.106982 0.052518 0.000000 0.000000 0
1 0.498055 0.179401 0.124488 0.045954 0.000000 0.000000 0
1 0.666308 0.166818 0.188677 0.051424 0.000000 0.000000 0
0 0.708128 0.303038 0.151720 0.080966 0.712019 0.304132 2
0 0.508753 0.334220 0.141994 0.077683 0.505835 0.334767 2
0 0.562244 0.467705 0.151720 0.075495 0.562244 0.469346 2
0 0.311323 0.467705 0.140049 0.084248 0.309378 0.471534 2
0 0.224765 0.313432 0.149775 0.079872 0.231573 0.313979 2
0 0.093469 0.777891 0.147829 0.078778 0.089579 0.777891 2
