0 0.400799 0.398227 0.155610 0.080966 0.402744 0.399321 2
0 0.689650 0.390021 0.192567 0.084248 0.684787 0.391662 2
0 0.617680 0.242313 0.177006 0.090813 0.616707 0.243954 2
0 0.852068 0.206207 0.171171 0.097378 0.848177 0.207848 2
0 0.309378 0.226448 0.178951 0.087531 0.305488 0.226448 2
0 0.178082 0.735220 0.161445 0.083154 0.173219 0.737408 2
1 0.263667 0.071082 0.145884 0.050330 0.000000 0.000000 0
1 0.407607 0.071082 0.118653 0.050330 0.000000 0.000000 0
1 0.529177 0.064517 0.132268 0.045954 0.000000 0.000000 0
1 0.662418 0.062329 0.126433 0.043765 0.000000 0.000000 0
1 0.789824 0.063970 0.140049 0.051424 0.000000 0.000000 0
1 0.892915 0.052481 0.085585 0.061271 0.000000 0.000000 0
1 0.652692 0.926693 0.173116 0.113790 0.000000 0.000000 0
