1 0.658528 0.957876 0.192567 0.077683 0.000000 0.000000 0
1 0.639076 0.627448 0.173116 0.068930 0.000000 0.000000 0
1 0.731470 0.139465 0.054463 0.062366 0.000000 0.000000 0
1 0.404689 0.159159 0.081695 0.049236 0.000000 0.000000 0
0 0.636159 0.319450 0.182842 0.094095 0.641994 0.324920 2
0 0.854985 0.288267 0.177006 0.088625 0.857903 0.285532 2
0 0.711046 0.470987 0.184787 0.095190 0.702293 0.470440 2
0 0.422195 0.474816 0.136159 0.076589 0.429976 0.473722 2
0 0.333692 0.309602 0.157555 0.089719 0.336610 0.306320 2
0 0.203369 0.805244 0.161445 0.094095 0.202396 0.808527 2
