0 0.423168 0.159706 0.157555 0.089719 0.429976 0.160800 2
0 0.738278 0.173930 0.157555 0.087531 0.741195 0.171742 2
0 0.800522 0.322732 0.184787 0.083154 0.799549 0.321638 2
0 0.513616 0.324373 0.155610 0.082060 0.513616 0.330391 2
0 0.277283 0.670666 0.165336 0.094095 0.270475 0.666290 2
0 0.948449 0.131806 0.099398 0.086436 0.966830 0.133447 2
1 0.328829 0.929428 0.101146 0.068930 0.000000 0.000000 0
1 0.182945 0.957876 0.112817 0.073307 0.000000 0.000000 0
1 0.747031 0.933258 0.155610 0.098472 0.000000 0.000000 0
1 0.419277 0.018563 0.145884 0.032824 0.000000 0.000000 0
