1 0.228655 0.078740 0.114762 0.041577 0.000000 0.000000 0
1 0.341472 0.074364 0.103092 0.039389 0.000000 0.000000 0
1 0.485412 0.071082 0.114762 0.052518 0.000000 0.000000 0
1 0.639076 0.072176 0.110872 0.041577 0.000000 0.000000 0
1 0.786906 0.061234 0.114762 0.054707 0.000000 0.000000 0
1 0.894860 0.399321 0.116707 0.083154 0.000000 0.000000 0
1 0.711046 0.571647 0.130323 0.086436 0.000000 0.000000 0
1 0.648802 0.935446 0.235360 0.118166 0.000000 0.000000 0
0 0.278256 0.225354 0.143939 0.080966 0.278256 0.227543 2
0 0.589476 0.240125 0.167281 0.090813 0.589476 0.243954 2
0 0.820946 0.208395 0.171171 0.084248 0.811220 0.207848 2
0 0.657555 0.388380 0.167281 0.085342 0.661445 0.389474 2
0 0.372594 0.398774 0.169226 0.086436 0.375512 0.398227 2
0 0.147932 0.737408 0.143939 0.076589 0.151823 0.736314 2
