1 0.211149 0.068346 0.095311 0.029542 0.000000 0.000000 0
1 0.345363 0.065611 0.130323 0.030636 0.000000 0.000000 0
1 0.505835 0.058499 0.136159 0.044859 0.000000 0.000000 0
1 0.676034 0.055217 0.149775 0.040483 0.000000 0.000000 0
1 0.800522 0.050840 0.110872 0.042671 0.000000 0.000000 0
0 0.259777 0.222619 0.161445 0.086436 0.266585 0.225354 2
0 0.578778 0.242860 0.161445 0.087531 0.573915 0.240672 2
0 0.801494 0.205660 0.167281 0.087531 0.801494 0.206754 2
0 0.652692 0.388927 0.188677 0.093001 0.647829 0.391662 2
0 0.354116 0.397133 0.167281 0.083154 0.363841 0.398227 2
0 0.128481 0.742332 0.147829 0.095190 0.132372 0.741785 2
1 0.622543 0.941464 0.167281 0.110507 0.000000 0.000000 0
