1 0.629351 0.929428 0.173116 0.110507 0.000000 0.000000 0
1 0.099304 0.969911 0.081695 0.044859 0.000000 0.000000 0
1 0.159603 0.906999 0.085585 0.048142 0.000000 0.000000 0
1 0.734387 0.484117 0.161445 0.066742 0.000000 0.000000 0
0 0.152795 0.671213 0.169226 0.079872 0.157658 0.670666 2
0 0.388155 0.318903 0.157555 0.079872 0.393018 0.320544 2
0 0.294789 0.144936 0.161445 0.084248 0.293817 0.144388 2
0 0.604064 0.156971 0.169226 0.086436 0.608927 0.159706 2
0 0.838452 0.117582 0.171171 0.095190 0.834561 0.118129 2
0 0.678951 0.304132 0.167281 0.094095 0.675061 0.309602 2
