0 0.270475 0.303585 0.155610 0.090813 0.270475 0.305226 2
0 0.556409 0.328750 0.155610 0.077683 0.556409 0.327109 2
0 0.765509 0.304132 0.169226 0.089719 0.766482 0.305226 2
0 0.612817 0.467158 0.155610 0.083154 0.614762 0.468252 2
0 0.341472 0.466610 0.153665 0.079872 0.344390 0.464969 2
0 0.099304 0.775703 0.140049 0.083154 0.097359 0.781174 2
1 0.251024 0.159159 0.120598 0.044859 0.000000 0.000000 0
1 0.382320 0.156424 0.095311 0.052518 0.000000 0.000000 0
1 0.528204 0.160253 0.138104 0.049236 0.000000 0.000000 0
1 0.664363 0.163536 0.141994 0.042671 0.000000 0.000000 0
1 0.780098 0.162989 0.128378 0.052518 0.000000 0.000000 0
