0 0.246161 0.298114 0.145884 0.084248 0.247134 0.299755 2
0 0.518479 0.318903 0.153665 0.084248 0.523341 0.320544 2
0 0.725634 0.291002 0.167281 0.087531 0.725634 0.295379 2
0 0.568079 0.454575 0.151720 0.088625 0.573915 0.458404 2
0 0.308405 0.452934 0.145884 0.080966 0.315213 0.457310 2
0 0.082771 0.759838 0.126433 0.090813 0.079853 0.766950 2
1 0.216012 0.160800 0.108927 0.054707 0.000000 0.000000 0
1 0.343417 0.162989 0.157555 0.061271 0.000000 0.000000 0
1 0.479576 0.160800 0.114762 0.037201 0.000000 0.000000 0
1 0.597256 0.156424 0.143939 0.043765 0.000000 0.000000 0
1 0.720772 0.150953 0.126433 0.052518 0.000000 0.000000 0
1 0.575860 0.613771 0.206183 0.070024 0.000000 0.000000 0
1 0.821918 0.457310 0.169226 0.072213 0.000000 0.000000 0
1 0.587531 0.957876 0.171171 0.064554 0.000000 0.000000 0
