1 0.157658 0.236296 0.171171 0.050330 0.000000 0.000000 0
1 0.332719 0.234107 0.147829 0.041577 0.000000 0.000000 0
1 0.503890 0.227543 0.147829 0.043765 0.000000 0.000000 0
1 0.665336 0.224807 0.155610 0.073307 0.000000 0.000000 0
0 0.160576 0.368139 0.145884 0.086436 0.167384 0.370874 2
0 0.444564 0.386739 0.138104 0.090813 0.447482 0.390568 2
0 0.651720 0.361574 0.155610 0.088625 0.655610 0.363215 2
0 0.501945 0.528429 0.147829 0.078778 0.503890 0.529523 2
0 0.248106 0.530617 0.134214 0.076589 0.247134 0.530617 2
0 0.045813 0.846821 0.087531 0.083154 0.021499 0.843539 2
