1 0.228655 0.277326 0.099201 0.038295 0.000000 0.000000 0
1 0.330774 0.274590 0.070024 0.032824 0.000000 0.000000 0
1 0.428030 0.272949 0.093366 0.038295 0.000000 0.000000 0
1 0.531122 0.268025 0.077805 0.035012 0.000000 0.000000 0
1 0.661445 0.269120 0.132268 0.045954 0.000000 0.000000 0
1 0.725634 0.946935 0.217854 0.093001 0.000000 0.000000 0
0 0.256859 0.397133 0.132268 0.065648 0.264640 0.396039 2
0 0.493192 0.409168 0.118653 0.067836 0.496110 0.411357 2
0 0.671171 0.382909 0.128378 0.065648 0.669226 0.385098 2
0 0.554463 0.525147 0.120598 0.061271 0.558354 0.525147 2
0 0.338555 0.530617 0.120598 0.067836 0.340500 0.530617 2
0 0.177109 0.793756 0.112817 0.066742 0.179054 0.793209 2
