1 0.118756 0.160253 0.136159 0.042671 0.000000 0.000000 0
1 0.277283 0.155330 0.130323 0.043765 0.000000 0.000000 0
1 0.448454 0.148765 0.122543 0.035012 0.000000 0.000000 0
1 0.583640 0.142747 0.112817 0.036106 0.000000 0.000000 0
1 0.574887 0.626354 0.227580 0.068930 0.000000 0.000000 0
1 0.798577 0.460593 0.204238 0.074401 0.000000 0.000000 0
0 0.656583 0.283343 0.149775 0.083154 0.661445 0.284437 2
0 0.439701 0.315620 0.159500 0.086436 0.449427 0.317261 2
0 0.515561 0.453481 0.167281 0.090813 0.519451 0.458404 2
0 0.257832 0.468252 0.153665 0.085342 0.256859 0.468252 2
0 0.160576 0.308508 0.138104 0.078778 0.159603 0.307414 2
0 0.061374 0.793209 0.122543 0.087531 0.052621 0.794303 2
1 0.663390 0.956782 0.206183 0.075495 0.000000 0.000000 0
