0 0.296735 0.328203 0.157555 0.080966 0.299652 0.329297 2
0 0.570997 0.353915 0.157555 0.082060 0.577805 0.355556 2
0 0.783016 0.332579 0.165336 0.087531 0.787878 0.329297 2
0 0.624488 0.491228 0.167281 0.085342 0.628378 0.491228 2
0 0.363841 0.489040 0.155610 0.085342 0.365786 0.490134 2
0 0.104167 0.795944 0.145884 0.084248 0.112920 0.797586 2
1 0.614762 0.971005 0.194512 0.049236 0.000000 0.000000 0
1 0.393991 0.193077 0.060299 0.044859 0.000000 0.000000 0
1 0.684787 0.189795 0.073915 0.051424 0.000000 0.000000 0
1 0.823863 0.191436 0.095311 0.048142 0.000000 0.000000 0
