1 0.646857 0.698019 0.196458 0.052518 0.000000 0.000000 0
1 0.846232 0.547029 0.120598 0.065648 0.000000 0.000000 0
1 0.792741 0.260366 0.064189 0.041577 0.000000 0.000000 0
1 0.609900 0.262555 0.157555 0.030636 0.000000 0.000000 0
1 0.394963 0.253255 0.151720 0.038295 0.000000 0.000000 0
0 0.295762 0.383456 0.143939 0.066742 0.303542 0.381815 2
0 0.565162 0.407527 0.145884 0.077683 0.571970 0.410263 2
0 0.767455 0.386192 0.138104 0.078778 0.772317 0.392757 2
0 0.615735 0.538276 0.141994 0.078778 0.624488 0.541559 2
0 0.362869 0.535541 0.145884 0.064554 0.369677 0.536088 2
0 0.108057 0.830409 0.161445 0.083154 0.110975 0.832598 2
