0 0.268530 0.241766 0.147829 0.098472 0.270475 0.245049 2
0 0.573915 0.259272 0.155610 0.083154 0.575860 0.260366 2
0 0.803439 0.223713 0.147829 0.084248 0.801494 0.223166 2
0 0.643939 0.404792 0.167281 0.089719 0.645884 0.405886 2
0 0.364814 0.410810 0.141994 0.082060 0.365786 0.411357 2
0 0.138207 0.753273 0.159500 0.082060 0.138207 0.753820 2
1 0.211149 0.095152 0.099201 0.048142 0.000000 0.000000 0
1 0.336610 0.091323 0.147829 0.042671 0.000000 0.000000 0
1 0.472768 0.077646 0.143939 0.037201 0.000000 0.000000 0
1 0.642967 0.079835 0.145884 0.037201 0.000000 0.000000 0
1 0.792741 0.077099 0.169226 0.055801 0.000000 0.000000 0
1 0.676034 0.579306 0.235360 0.075495 0.000000 0.000000 0
1 0.625461 0.942558 0.208128 0.099566 0.000000 0.000000 0
