1 0.833589 0.226448 0.149775 0.087531 0.000000 0.000000 0
1 0.689650 0.241219 0.149775 0.073307 0.000000 0.000000 0
1 0.551546 0.246143 0.110872 0.063460 0.000000 0.000000 0
1 0.420250 0.252160 0.159500 0.066742 0.000000 0.000000 0
1 0.202396 0.251613 0.105037 0.050330 0.000000 0.000000 0
1 0.292844 0.242860 0.091421 0.065648 0.000000 0.000000 0
1 0.085689 0.269120 0.132268 0.072213 0.000000 0.000000 0
0 0.477631 0.511470 0.219799 0.130202 0.476659 0.514205 2
0 0.812192 0.456763 0.266482 0.143331 0.815110 0.463875 2
0 0.602119 0.739049 0.239250 0.130202 0.597256 0.740691 2
0 0.188780 0.745067 0.229525 0.131296 0.179054 0.749444 2
0 0.061374 0.489587 0.122543 0.136767 0.017609 0.491228 2
