1 0.796631 0.575477 0.293714 0.074401 0.000000 0.000000 0
1 0.343417 0.062329 0.134214 0.043765 0.000000 0.000000 0
1 0.488329 0.061781 0.124488 0.053612 0.000000 0.000000 0
1 0.632268 0.050293 0.140049 0.043765 0.000000 0.000000 0
1 0.785933 0.045917 0.128378 0.035012 0.000000 0.000000 0
1 0.907504 0.047558 0.130323 0.044859 0.000000 0.000000 0
0 0.365786 0.213866 0.159500 0.086436 0.369677 0.215507 2
0 0.688677 0.231919 0.163390 0.089719 0.684787 0.236296 2
0 0.906531 0.198001 0.159500 0.094095 0.912366 0.199095 2
0 0.745086 0.380174 0.147829 0.090813 0.745086 0.382909 2
0 0.463043 0.387833 0.163390 0.079872 0.459152 0.388380 2
0 0.222820 0.722090 0.149775 0.083154 0.221847 0.723184 2
