1 0.345361 0.534431 0.075052 0.077709 0.000000 0.000000 0
1 0.521031 0.399540 0.048660 0.065979 0.000000 0.000000 0
1 0.142474 0.254385 0.063505 0.074777 0.000000 0.000000 0
1 0.201031 0.310101 0.056907 0.057182 0.000000 0.000000 0
1 0.259588 0.354087 0.053608 0.057182 0.000000 0.000000 0
1 0.276495 0.436195 0.052784 0.057182 0.000000 0.000000 0
1 0.211753 0.387077 0.056907 0.046919 0.000000 0.000000 0
1 0.228247 0.476516 0.056907 0.061581 0.000000 0.000000 0
1 0.158969 0.423732 0.058557 0.061581 0.000000 0.000000 0
1 0.153608 0.348956 0.061031 0.061581 0.000000 0.000000 0
1 0.100412 0.375347 0.063505 0.052784 0.000000 0.000000 0
1 0.101649 0.294706 0.065979 0.073310 0.000000 0.000000 0
1 0.032784 0.319632 0.053608 0.052784 0.000000 0.000000 0
1 0.039794 0.403939 0.062680 0.071844 0.000000 0.000000 0
1 0.099588 0.466985 0.084948 0.065979 0.000000 0.000000 0
1 0.180000 0.518303 0.062680 0.068912 0.000000 0.000000 0
1 0.111959 0.550559 0.066804 0.060115 0.000000 0.000000 0
1 0.037320 0.497776 0.072577 0.077709 0.000000 0.000000 0
