1 0.275670 0.057180 0.051134 0.055716 0.000000 0.000000 0
1 0.229485 0.069643 0.036289 0.039588 0.000000 0.000000 0
1 0.238557 0.159082 0.042887 0.071844 0.000000 0.000000 0
1 0.295464 0.125359 0.057732 0.048385 0.000000 0.000000 0
1 0.335464 0.100433 0.040412 0.045452 0.000000 0.000000 0
1 0.375464 0.074775 0.051134 0.032257 0.000000 0.000000 0
1 0.411340 0.045451 0.043711 0.052784 0.000000 0.000000 0
1 0.430309 0.109231 0.050309 0.042520 0.000000 0.000000 0
1 0.402268 0.148085 0.043711 0.052784 0.000000 0.000000 0
1 0.361856 0.164947 0.035464 0.048385 0.000000 0.000000 0
1 0.327216 0.206000 0.051959 0.060115 0.000000 0.000000 0
1 0.175876 0.111430 0.061031 0.061581 0.000000 0.000000 0
1 0.100825 0.050582 0.041237 0.048385 0.000000 0.000000 0
1 0.162680 0.027856 0.062680 0.038121 0.000000 0.000000 0
