0 0.617680 0.140012 0.079750 0.039389 0.616707 0.141106 2
0 0.478604 0.118676 0.093366 0.038295 0.480549 0.117035 2
0 0.478604 0.166271 0.073915 0.030636 0.478604 0.165177 2
0 0.288954 0.166271 0.075860 0.032824 0.287981 0.165177 2
0 0.317158 0.068893 0.077805 0.039389 0.317158 0.067799 2
0 0.146960 0.108829 0.083640 0.038295 0.149878 0.107188 2
0 0.783016 0.150953 0.083640 0.050330 0.782043 0.148765 2
0 0.809275 0.077646 0.077805 0.039389 0.815110 0.077646 2
1 0.345363 0.862686 0.106982 0.053612 0.000000 0.000000 0
1 0.583640 0.708961 0.116707 0.063460 0.000000 0.000000 0
1 0.590448 0.648236 0.060299 0.033918 0.000000 0.000000 0
